0 0
1 0
2 0
3 1
4 0
5 1
6 0
7 0
8 0
9 1
10 0
11 0
12 1
13 0
14 0
15 0
16 1
17 0
18 0
19 1
20 0
21 0
22 1
23 0
24 1
25 0
26 0
27 0
28 1
29 1
30 0
31 0
32 0
33 0
34 0
35 0
36 1
37 0
38 0
39 1
40 1
41 1
42 0
43 0
44 0
45 1
46 0
47 0
48 0
49 0
50 1
51 1
52 0
53 1
54 0
55 1
56 1
57 0
58 0
59 0
60 0
61 0
62 1
63 0
64 0
65 0
66 0
67 0
68 1
69 0
70 1
71 1
72 0
73 0
74 1
75 1
76 0
77 0
78 0
79 0
80 1
81 1
82 0
83 1
84 0
85 1
86 0
87 1
88 1
89 0
90 0
91 1
92 0
93 1
94 1
95 0
96 1
97 1
98 1
99 0
100 1
101 0
102 1
103 0
104 0
105 1
106 0
107 1
108 0
109 0
110 1
111 1
112 0
113 0
114 1
115 0
116 0
117 0
118 1
119 1
120 1
121 0
122 0
123 0
124 0
125 0
126 0
127 0
128 0
129 1
130 1
131 1
132 1
133 0
134 0
135 0
136 0
137 0
138 1
139 1
140 0
141 0
142 1
143 0
144 1
145 1
146 0
147 0
148 1
149 1
150 0
151 0
152 0
153 1
154 0
155 1
156 0
157 1
158 0
159 1
160 1
161 0
162 1
163 1
164 0
165 0
166 1
167 0
168 1
169 1
170 0
171 0
172 1
173 1
174 0
175 0
176 1
177 0
178 0
179 0
180 1
181 0
182 0
183 0
184 1
185 0
186 0
187 0
188 0
189 1
190 1
191 1
192 0
193 1
194 1
195 1
196 1
197 1
198 0
199 0
200 0
201 0
202 0
203 0
204 0
205 1
206 0
207 0
208 1
209 0
210 1
211 0
212 1
213 1
214 1
215 0
216 0
217 1
218 0
219 1
220 0
221 0
222 0
223 1
224 0
225 0
226 1
227 1
228 0
229 0
230 0
231 1
232 0
233 1
234 0
235 1
236 1
237 0
238 1
239 1
240 0
241 0
242 0
243 1
244 1
245 1
246 0
247 1
248 0
249 0
250 1
251 0
252 1
253 0
254 1
255 0
