0 1
1 1
2 0
3 0
4 1
5 1
6 0
7 1
8 0
9 0
10 0
11 0
12 0
13 1
14 1
15 1
16 0
17 0
18 0
19 1
20 0
21 0
22 0
23 1
24 0
25 0
26 0
27 1
28 0
29 0
30 0
31 0
32 1
33 1
34 0
35 0
36 1
37 1
38 0
39 0
40 1
41 1
42 0
43 0
44 0
45 1
46 0
47 0
48 1
49 0
50 0
51 1
52 0
53 0
54 0
55 1
56 1
57 0
58 1
59 1
60 1
61 0
62 0
63 1
64 0
65 0
66 0
67 1
68 0
69 1
70 0
71 0
72 1
73 1
74 1
75 1
76 0
77 1
78 1
79 0
80 1
81 1
82 0
83 1
84 1
85 1
86 1
87 1
88 0
89 1
90 1
91 0
92 1
93 1
94 1
95 0
96 0
97 0
98 0
99 0
100 1
101 0
102 1
103 0
104 1
105 0
106 1
107 1
108 0
109 0
110 0
111 1
112 0
113 1
114 0
115 0
116 1
117 0
118 0
119 0
120 0
121 1
122 0
123 0
124 0
125 0
126 1
127 0
128 1
129 0
130 1
131 0
132 1
133 0
134 0
135 0
136 0
137 0
138 0
139 1
140 1
141 0
142 1
143 0
144 1
145 1
146 0
147 0
148 1
149 1
150 0
151 0
152 1
153 1
154 1
155 1
156 1
157 0
158 1
159 1
160 1
161 0
162 0
163 0
164 1
165 0
166 0
167 1
168 0
169 0
170 1
171 1
172 0
173 0
174 1
175 0
176 0
177 1
178 0
179 1
180 0
181 1
182 1
183 0
184 0
185 1
186 0
187 1
188 1
189 1
190 1
191 1
192 1
193 0
194 0
195 1
196 0
197 0
198 1
199 1
200 1
201 1
202 0
203 1
204 0
205 0
206 0
207 0
208 1
209 0
210 0
211 0
212 0
213 1
214 0
215 1
216 1
217 1
218 1
219 0
220 0
221 0
222 1
223 0
224 1
225 1
226 1
227 1
228 1
229 1
230 0
231 1
232 0
233 0
234 0
235 0
236 1
237 1
238 0
239 1
240 1
241 0
242 1
243 1
244 1
245 0
246 1
247 1
248 1
249 0
250 0
251 1
252 1
253 0
254 1
255 1
