0 1
1 0
2 0
3 0
4 0
5 1
6 1
7 0
8 0
9 1
10 1
11 1
12 0
13 1
14 0
15 0
16 0
17 1
18 0
19 0
20 0
21 1
22 1
23 1
24 1
25 0
26 0
27 1
28 1
29 1
30 0
31 1
32 0
33 1
34 0
35 0
36 0
37 0
38 0
39 0
40 0
41 0
42 1
43 0
44 0
45 0
46 1
47 1
48 0
49 0
50 0
51 1
52 0
53 1
54 1
55 0
56 0
57 1
58 1
59 0
60 0
61 0
62 1
63 0
64 1
65 0
66 1
67 0
68 0
69 0
70 1
71 1
72 1
73 0
74 1
75 0
76 0
77 0
78 0
79 0
80 1
81 1
82 1
83 0
84 0
85 1
86 1
87 0
88 0
89 1
90 0
91 0
92 1
93 1
94 0
95 1
96 0
97 0
98 0
99 1
100 0
101 0
102 0
103 0
104 0
105 0
106 0
107 0
108 0
109 1
110 0
111 1
112 1
113 0
114 0
115 0
116 1
117 0
118 0
119 1
120 1
121 1
122 1
123 1
124 1
125 0
126 0
127 0
128 1
129 0
130 0
131 0
132 0
133 0
134 0
135 1
136 1
137 1
138 0
139 0
140 1
141 0
142 1
143 0
144 0
145 0
146 1
147 1
148 0
149 1
150 1
151 1
152 0
153 0
154 1
155 0
156 0
157 0
158 0
159 0
160 0
161 0
162 1
163 0
164 0
165 1
166 1
167 1
168 0
169 0
170 1
171 0
172 1
173 1
174 1
175 1
176 1
177 1
178 0
179 1
180 0
181 1
182 1
183 1
184 0
185 0
186 0
187 1
188 1
189 1
190 1
191 0
192 1
193 1
194 0
195 0
196 0
197 0
198 0
199 1
200 0
201 1
202 0
203 1
204 0
205 0
206 0
207 0
208 0
209 0
210 1
211 1
212 0
213 1
214 0
215 1
216 1
217 0
218 0
219 1
220 0
221 1
222 1
223 0
224 1
225 1
226 1
227 0
228 0
229 1
230 1
231 0
232 1
233 0
234 1
235 1
236 1
237 0
238 1
239 1
240 0
241 0
242 0
243 0
244 1
245 1
246 1
247 1
248 0
249 0
250 0
251 0
252 1
253 1
254 0
255 1
256 0
257 0
258 1
259 0
260 1
261 1
262 1
263 0
264 0
265 1
266 0
267 1
268 0
269 1
270 0
271 1
272 0
273 1
274 0
275 1
276 0
277 0
278 1
279 0
280 0
281 1
282 0
283 0
284 0
285 0
286 0
287 1
288 0
289 1
290 0
291 1
292 1
293 1
294 0
295 1
296 1
297 1
298 0
299 0
300 0
301 0
302 0
303 0
304 0
305 1
306 1
307 1
308 1
309 1
310 0
311 0
312 1
313 1
314 0
315 0
316 1
317 1
318 0
319 0
320 1
321 1
322 0
323 0
324 0
325 0
326 1
327 1
328 1
329 0
330 1
331 0
332 1
333 1
334 0
335 1
336 1
337 1
338 0
339 0
340 0
341 1
342 0
343 0
344 1
345 1
346 0
347 0
348 1
349 1
350 0
351 0
352 0
353 0
354 0
355 1
356 1
357 0
358 1
359 0
360 0
361 1
362 0
363 0
364 1
365 0
366 1
367 0
368 1
369 1
370 1
371 1
372 0
373 1
374 0
375 1
376 1
377 1
378 1
379 1
380 1
381 0
382 0
383 1
384 1
385 0
386 0
387 1
388 1
389 1
390 0
391 1
392 1
393 0
394 0
395 1
396 1
397 0
398 1
399 1
400 1
401 1
402 0
403 1
404 1
405 0
406 1
407 0
408 1
409 1
410 0
411 1
412 1
413 0
414 0
415 0
416 0
417 0
418 0
419 1
420 0
421 1
422 0
423 1
424 1
425 0
426 0
427 1
428 0
429 1
430 0
431 1
432 1
433 1
434 1
435 0
436 0
437 0
438 0
439 1
440 1
441 1
442 1
443 0
444 1
445 1
446 0
447 0
448 0
449 0
450 0
451 1
452 1
453 1
454 0
455 0
456 0
457 0
458 0
459 0
460 0
461 0
462 1
463 0
464 0
465 0
466 1
467 0
468 1
469 1
470 0
471 1
472 1
473 1
474 0
475 0
476 0
477 1
478 0
479 1
480 1
481 0
482 1
483 0
484 1
485 1
486 1
487 0
488 1
489 1
490 0
491 0
492 1
493 0
494 0
495 1
496 0
497 1
498 0
499 1
500 0
501 0
502 1
503 0
504 0
505 1
506 1
507 1
508 1
509 0
510 0
511 1
