0 1
1 0
2 1
3 1
4 1
5 1
6 1
7 0
8 0
9 1
10 0
11 1
12 0
13 1
14 0
15 0
16 0
17 0
18 1
19 1
20 0
21 0
22 0
23 1
24 0
25 0
26 1
27 0
28 1
29 1
30 1
31 1
32 1
33 1
34 1
35 1
36 0
37 0
38 1
39 1
40 0
41 0
42 1
43 1
44 0
45 0
46 1
47 1
48 1
49 0
50 1
51 1
52 1
53 1
54 0
55 0
56 0
57 0
58 1
59 1
60 0
61 0
62 1
63 1
64 0
65 1
66 1
67 1
68 0
69 1
70 0
71 1
72 0
73 0
74 1
75 0
76 0
77 1
78 1
79 1
80 0
81 1
82 1
83 1
84 0
85 1
86 0
87 0
88 0
89 0
90 0
91 0
92 1
93 0
94 0
95 0
96 0
97 0
98 1
99 0
100 0
101 1
102 1
103 0
104 0
105 0
106 1
107 1
108 0
109 1
110 1
111 0
112 0
113 1
114 0
115 1
116 1
117 0
118 0
119 0
120 1
121 0
122 0
123 1
124 1
125 1
126 1
127 1
128 0
129 1
130 1
131 0
132 0
133 0
134 0
135 1
136 0
137 1
138 1
139 1
140 0
141 0
142 1
143 0
144 0
145 1
146 0
147 1
148 0
149 0
150 1
151 1
152 0
153 0
154 1
155 0
156 0
157 1
158 0
159 0
160 0
161 0
162 0
163 0
164 1
165 1
166 0
167 1
168 1
169 1
170 1
171 0
172 1
173 1
174 1
175 1
176 0
177 0
178 1
179 1
180 1
181 1
182 1
183 1
184 0
185 0
186 0
187 1
188 1
189 0
190 0
191 0
192 1
193 0
194 0
195 1
196 1
197 0
198 1
199 1
200 1
201 0
202 1
203 1
204 0
205 1
206 0
207 1
208 1
209 1
210 1
211 1
212 1
213 1
214 0
215 0
216 0
217 1
218 0
219 1
220 1
221 1
222 1
223 0
224 0
225 1
226 0
227 0
228 1
229 0
230 0
231 0
232 1
233 0
234 1
235 1
236 1
237 1
238 0
239 1
240 1
241 1
242 1
243 0
244 1
245 0
246 1
247 1
248 1
249 1
250 1
251 0
252 0
253 1
254 0
255 0
