0 1
1 0
2 0
3 1
4 0
5 0
6 1
7 1
8 1
9 0
10 1
11 0
12 0
13 0
14 0
15 0
16 1
17 0
18 0
19 0
20 0
21 0
22 0
23 1
24 0
25 0
26 0
27 1
28 0
29 0
30 1
31 1
32 0
33 1
34 0
35 1
36 0
37 0
38 0
39 1
40 0
41 0
42 0
43 1
44 1
45 1
46 1
47 0
48 1
49 1
50 1
51 1
52 0
53 0
54 1
55 0
56 1
57 1
58 0
59 1
60 1
61 1
62 1
63 1
64 0
65 0
66 1
67 0
68 0
69 1
70 0
71 0
72 0
73 1
74 0
75 1
76 0
77 1
78 1
79 0
80 0
81 1
82 0
83 0
84 0
85 1
86 1
87 1
88 0
89 1
90 0
91 0
92 0
93 1
94 1
95 1
96 1
97 1
98 1
99 1
100 0
101 0
102 1
103 0
104 0
105 1
106 0
107 0
108 1
109 0
110 0
111 1
112 1
113 1
114 1
115 1
116 1
117 0
118 1
119 0
120 1
121 0
122 0
123 1
124 0
125 0
126 0
127 1
128 0
129 0
130 1
131 1
132 1
133 0
134 1
135 1
136 1
137 0
138 1
139 0
140 0
141 1
142 0
143 0
144 0
145 0
146 1
147 1
148 1
149 0
150 0
151 1
152 0
153 1
154 1
155 1
156 0
157 1
158 0
159 0
160 1
161 1
162 0
163 1
164 0
165 0
166 1
167 1
168 0
169 1
170 1
171 0
172 1
173 0
174 1
175 0
176 0
177 1
178 1
179 1
180 0
181 1
182 0
183 0
184 1
185 1
186 1
187 1
188 1
189 0
190 0
191 0
192 0
193 1
194 1
195 0
196 0
197 0
198 1
199 1
200 0
201 1
202 0
203 0
204 0
205 1
206 1
207 1
208 1
209 1
210 1
211 0
212 1
213 0
214 0
215 0
216 1
217 1
218 1
219 1
220 0
221 0
222 1
223 1
224 0
225 1
226 1
227 0
228 0
229 1
230 0
231 0
232 0
233 1
234 0
235 0
236 1
237 1
238 1
239 1
240 1
241 0
242 1
243 1
244 0
245 1
246 1
247 0
248 1
249 1
250 0
251 1
252 0
253 0
254 0
255 1
